2.0027884871850827
2.0030277725548316
2.0032992621073404
2.0036090104349866
2.0039645661570993
2.0043754375437546
2.004853736785406
2.0054150857919475
2.006079912312251
2.006875341142881
2.007838014369693
2.0090184008472334
2.0094589820650532
2.01048756474466
2.012348132167594
2.013027130706008
2.0139595212006154
2.0147526981908532
2.017007414108633
2.0179359823399556
2.0192313831811965
2.0222735522191058
2.022579783242865
2.023145991275253
2.0260189200450625
2.0271050442220293
2.027171731558571
2.0275710188473095
2.0283940834653986
2.029924444735303
2.0333088188637283
2.033807906969966
2.0358990084965933
2.036339227114997
2.0364146809093397
2.036576956276432
2.037400654511454
2.037580960988101
2.040268213962296
2.040331082607495
2.040382775119617
2.041275797373358
2.0430394108182917
2.0443480585328837
2.0462830756144244
2.0463036173045843
2.0472257699368113
2.0511449579805427
2.05126953125
2.0517904409928582
2.0521851914277844
2.06340892670184
2.0747578636805306
2.0770540007515725
2.0801925404786963
2.093639057320499
2.0940558540225545
2.0953058321479374
2.0969681784014034
2.1065182447196897
2.1094434651221357
2.115273775216138
2.1157826902046555
2.1313076310653245
2.132292362721591
2.132292362721591
2.1323696145124718
2.132450362620378
2.132450362620378
2.1324880772362453
2.1342881452070332
2.1347369104577614
2.1363192300270164
2.137873904835582
2.137873904835582
2.13790605311841
2.1387260079821027
2.1387260079821027
2.1402774289542332
2.1402774289542332
2.140514679568792
2.140514679568792
2.1425034934795635
2.1490453120547164
2.149503022850702
2.152659727307275
2.174145843957165
2.1925142392188772
2.194810543657331
2.2048495340209024
2.2153461955841776
2.226400613967767
2.2346542346542346
2.2373141978472577
2.240398440453282
2.2552568722327804
2.2577081053006216
2.2714374269539332
2.2845844118492953
2.2949771689497718
2.305487506124449
2.34476490547746
2.356703620301403
2.3640732562670475
2.3667656336982743
2.366955517042172
2.3678529607152106
2.3678529607152106
2.37227230338825
2.3750646510030284
2.3775491748864392
2.3775491748864392
2.3775491748864392
2.381255450936017
2.3823178016726403
2.383705329918283
2.3865957909752757
2.3925839627178065
2.3977110119805602
2.400435354622653
2.400435354622653
2.405030304804849
2.405631893957598
2.405631893957598
2.4066767767341726
2.4121862433963206
2.4121862433963206
2.4121862433963206
2.418839161651498
2.418839161651498
2.4190137855159786
2.445455381960201
2.45669442051871
2.4690432305630026
2.4922286235338005
2.4944752402069477
2.4985480509719515
2.500796293615173
2.512251148545176
2.5204065219489333
2.533812600556733
2.5596641886695717
2.562170843760505
2.5629931444832494
2.5770842015221636
2.608289111495786
2.6198466079248965
2.6227947353682444
2.6263860498578264
2.6430398796087284
2.679379043296171
2.732380596761601
2.748706389612244
2.754587512148203
2.764397034275143
2.792678826247182
2.803691663054472
2.8043332058602455
2.8050672547424877
2.823958448447342
2.8253792667509483
2.83457753862089
2.8352978810701046
2.8387708569208354
2.8415533074756385
2.880559231907985
2.889243282327594
2.904581259537286
2.91827494528255
2.9185114665260374
2.9192427866962554
2.921763002523196
2.9366157976220437
2.9396683516397704
2.952147356517723
3.00911112079864
3.1369180918750237
3.197910333883215
3.2050704648981516
3.267296256037443
3.2874873848166124
3.332563877160787
3.3329477408818726
3.3928235212077893
3.4338150887028887
3.550902004070229
3.753042133943435
3.756821488279196
3.852977434456838
4.084201042728226
4.184257466938541
4.455251866077987
4.455469852072891
4.737898637247812
5.024761010488743
5.216806871984763
5.241812097685315
5.314687671413213
6.320820246480537
7.921173279750111
