2.0027913434371873
2.003031141868512
2.0033032651505525
2.0036138036292126
2.0039703546850185
2.004382494064851
2.0048624288425048
2.0054259167316832
2.0060935837138247
2.0068928503777914
2.0078608112357195
2.0090486468537274
2.009489030475325
2.0105285775676838
2.0124051788056807
2.013027119029928
2.0139376932361186
2.014834478450968
2.0169902523477465
2.018057561951328
2.0192422991488272
2.0224625623960066
2.022663565993997
2.023321313504171
2.0259560317753555
2.027063331605619
2.027257494674495
2.0275915561295967
2.0287049399198933
2.0298153655879148
2.033252046169263
2.0338626809901914
2.035812725897695
2.03613194911109
2.036261851754622
2.0366290637253956
2.0378877035799703
2.0379506641366225
2.0401445796176887
2.0402013674337502
2.041275430359937
2.0430570979877984
2.0433925049309667
2.0441054139116863
2.046156231312706
2.0462300578823993
2.0470980990682874
2.050078265045763
2.0515956984142596
2.051860372074415
2.05234297108674
2.063129125105796
2.067057570093712
2.067319301086582
2.067319301086582
2.073020325912943
2.0739399796529154
2.0739399796529154
2.075097670471775
2.075097670471775
2.0754009740673687
2.0756692686433915
2.0756692686433915
2.0775238857793963
2.0775238857793963
2.0780715751082743
2.0783605212247513
2.0792631306015728
2.0820201258676594
2.0820201258676594
2.0912876502069215
2.091929335874505
2.096905048076923
2.101978691019787
2.1037619098486013
2.1083844580777096
2.1139377612860732
2.1249024199843873
2.1356429680276205
2.1362277239564644
2.1365896460953495
2.1371072824670625
2.1409864163202084
2.1482855680655066
2.1534497265460666
2.154186320754717
2.1749487704918034
2.194316688567674
2.1999154691462386
2.2014913049513694
2.2119191347311884
2.2241398024530556
2.2364698084901264
2.2385368366821226
2.2392079207920794
2.2501537557945612
2.2527003836659194
2.2659963347175234
2.2863965267727933
2.3039713909279125
2.307142857142857
2.3272311212814647
2.3382475329925096
2.342794123767115
2.355663362159882
2.355663362159882
2.359690627843494
2.362416196996826
2.3644522352708472
2.3644522352708472
2.3644522352708472
2.364878937776621
2.366956734893982
2.368206867013211
2.3683172909660213
2.373197505543113
2.380062066587487
2.3825491243705614
2.384141346770778
2.386885890825835
2.386885890825835
2.3914082047299914
2.3917456202315326
2.3917456202315326
2.396650848040832
2.397509143828461
2.397509143828461
2.397509143828461
2.4028462955165697
2.4037066916248464
2.4037066916248464
2.414494501585241
2.4388987675516587
2.4474504475703327
2.474800715796323
2.4750022069858457
2.476298746038308
2.477523120225171
2.480295683113211
2.4819891214293435
2.5027707712298404
2.5169471614586554
2.5236867354281602
2.5335580753907445
2.535413183451318
2.5624786795770027
2.568526047537892
2.584955286691215
2.586922327915512
2.608381320002531
2.632655729132623
2.677527948750157
2.6800292778689774
2.6849148175698967
2.6853723485938605
2.7138830423273714
2.7256912450330213
2.734104961693535
2.743346458560653
2.7551705022773643
2.758957654723127
2.7653791084606203
2.7740163510233566
2.800377376503461
2.8017452769311717
2.8064850793009994
2.8315615325394354
2.8340745961937475
2.83690364282554
2.839296087476508
2.8446861972885604
2.8453695716730065
2.869316455360137
2.8721234065366312
2.8733716463969023
3.065518422165788
3.0714276366345614
3.0769851094683975
3.1332491119599304
3.1670817890637997
3.2108750029153157
3.228529800713495
3.2768301188249174
3.339126208911903
3.3597713663581925
3.5505674094739037
3.616240768328429
3.7107402539849543
3.958244289639477
3.978412613112367
4.231080799858598
4.2565883983200585
4.607553138242851
4.632035224223398
4.9559384274390474
4.980636956337309
5.015517513305338
5.086964487510022
5.9961680859305595
7.3633190212755615
