2.0027884871850827
2.0030277725548316
2.0032992621073404
2.0036090104349866
2.0039645661570993
2.0043754375437546
2.004853736785406
2.0054150857919475
2.006079912312251
2.006875341142881
2.007838014369693
2.0090184008472334
2.01048756474466
2.012348132167594
2.0147526981908532
2.0179359823399556
2.0222735522191058
2.0283940834653986
2.037400654511454
2.038938053097345
2.05126953125
2.132450362620378
2.132450362620378
2.1347369104577614
2.4808612440191387
2.6696440171495386
2.759828984185122
2.7718530809261632
2.7776085079130968
2.7784875690607733
2.801513787040611
2.8416418500060776
2.8449481618547443
2.8597696652566205
2.8615883029967177
2.8812158273539206
2.885181233680546
2.8869502574104335
2.8951868849913094
2.895578627500633
2.897129699978541
2.907257277048347
2.9104076702113493
2.916884506060442
2.9196844933331674
2.9253088045896267
2.9258223930514653
2.9385050900879737
2.9422554637302505
2.945165172848494
2.94635788924855
2.9509581964404634
2.9517006412734617
2.956866546686778
2.9578282065207055
2.958044853271094
2.96045984689591
2.962479296526862
2.966529471631299
2.9687850343194873
2.9704684985201326
2.9858062433852033
2.992772480068812
3.475629663787537
