2.25041
2.3199
2.32126
2.34015
2.3452
2.34866
2.37589
2.40942
2.40974
2.42275
2.42471
2.43786
2.43913
2.48355
2.4898
2.4943
2.50108
2.50965
2.51378
2.51472
2.51809
2.52047
2.5214
2.52226
2.52364
2.52475
2.52565
2.5264
2.52703
2.52758
2.52805
2.52846
2.52882
2.52914
2.52943
2.52969
2.52992
2.56044
2.57074
2.58335
2.58601
2.58768
2.61057
2.63636
2.63851
2.66296
2.68967
2.69453
2.70342
2.72686
2.72906
2.73004
2.73615
2.74772
2.75532
2.75814
2.77172
2.77364
2.77441
2.78685
2.78882
2.79195
2.80976
2.81212
2.82508
2.83028
2.84776
2.85313
2.85357
2.85545
2.85597
2.85711
2.85716
2.85739
2.8578
2.85825
2.85888
2.86195
2.86299
2.86304
2.86419
2.86485
2.86558
2.8658
2.86714
2.86927
2.87211
2.87482
2.8749
2.87502
2.87537
2.87713
2.88026
2.88034
2.8823
2.88282
2.88588
2.89369
2.89377
2.89685
2.89723
2.90726
2.90726
2.90743
2.91761
2.91776
2.91852
2.9198
2.93123
2.93218
2.93221
2.93521
2.94074
2.94419
2.94491
2.95137
2.95143
2.95706
2.96303
2.98267
2.99069
2.99079
2.99622
3.03632
3.03822
3.0512
3.05875
3.0594
3.06296
3.06382
3.07218
3.09191
3.09192
3.09585
3.10067
3.10085
3.10576
3.11185
3.11428
3.11498
3.13096
3.1402
3.14792
3.15273
3.15297
3.15356
3.15843
3.15994
3.16406
3.16551
3.16937
3.1705
3.1726
3.17486
3.1776
3.18655
3.1883
3.18867
3.19115
3.19915
3.21937
3.22628
3.22933
3.27295
3.27782
3.33165
3.34889
3.35137
3.36115
3.38949
3.49041
3.50895
3.5363
3.53698
3.53733
3.55526
3.56389
3.56964
3.57905
3.58499
3.59107
3.59422
3.59603
3.5979
3.61389
3.62602
3.62645
3.64865
3.64943
3.65472
3.65646
3.65816
3.66131
3.66159
3.66306
3.66372
3.68057
3.72342
3.75653
3.76377
3.78324
3.78861
3.79181
3.86919
3.91965
3.98781
3.99119
3.99949
4.00488
4.01075
4.02554
4.05783
4.06153
4.06543
4.06941
4.09835
4.17249
4.19521
4.2723
4.30339
4.3263
4.35119
4.44585
4.44785
4.55568
4.57192
4.5761
4.62009
4.88188
5.25068
5.46851
5.55814
