2.45625000000000000000
2.45800000000000000000
2.47420594780497673477
2.48965655754167503514
2.48970251716247139588
2.49006256900993743099
2.49040584139921888266
2.49069987389659520807
2.49095455214002059126
2.49117728149986214502
2.49137371902970553898
2.49154826065654091131
2.49170437405731523378
2.49184483138637866431
2.50229921933483049941
2.50277264325323475046
2.50461183704842428900
2.50592105263157894736
2.50639449090014756517
2.50690051753881541115
2.50766087844739530132
2.50826825907211759301
2.51576394502829426030
2.51629969656889442153
2.51956414066369489846
2.52050663449939686369
2.52126917712691771269
2.52394171166634834094
2.52398716980476922142
2.52575593566379078649
2.52582472509163612129
2.52640430469201967392
2.52655656331335830948
2.52655656331335830948
2.52659886563661255622
2.52697095435684647302
2.52703749515848919874
2.52714383861095496845
2.52767938354321730998
2.52780055725218703232
2.52780055725218703232
2.52794204182353127273
2.52797549226161327426
2.52810560244188562772
2.52810560244188562772
2.52813299232736572890
2.52956159059671074458
2.52958477803833547234
2.52971256088003496964
2.52974609996299590358
2.53012348946459828329
2.53012348946459828329
2.53066462948815889992
2.53070475068072692894
2.53070475068072692894
2.53100644557057169019
2.53126408369899108873
2.53180081828934866494
2.53180081828934866494
2.53191607267790223256
2.53191859594598422584
2.53191859594598422584
2.53264497409006547901
2.53413562421210766485
2.53624331550802139037
2.53688621248093583434
2.53981459472308057998
2.54157501099868015838
2.54284714486132825667
2.54901016143905689405
2.55202068799615107048
2.55361238532110091743
2.55915000380141412605
2.56020233914360279666
2.56400786867038700865
2.56581720863355887025
2.56823340930400673698
2.56823858875732116226
2.56906609781488158776
2.57224987218413831241
2.57374723675356784473
2.57377171690254259380
2.57423208191126279863
2.57466357408551034769
2.57466596803772596279
2.57467753616498331004
2.57635344859749720277
2.57722461374321055274
2.57758476587461096504
2.57777838312338812543
2.57999307339146819957
2.58131027602261390089
2.58418856433968647795
2.58706749858196256381
2.59005441228776231279
2.59453280032210750337
2.59802929935249591682
2.61111933716595958360
2.61121995328159143998
2.61713892256799437184
2.61766912817275397952
2.61788009087557024585
2.62072017515255974286
2.62329341890985726602
2.62500517434078898348
2.62951340427360304859
2.62976276060388209920
2.63020228838423336139
2.63063063063063063063
2.63541755523330205578
2.63862496301232863842
2.64194324194324194324
2.64810777488760919574
2.65431226014946475459
2.65741675075681130171
2.67441452653015046951
2.67915956842703009653
2.68472282940802805641
2.69905120363835960166
2.72590985092352408038
2.72688303735456215554
2.73042141436064387773
2.76539290168953396076
2.77631462777483160150
2.78163123313865583587
2.79363828640152614772
2.79580764139344906628
2.79914218314389877761
2.80762743360301895422
2.80777642770352369380
2.80908452222007630147
2.82883976694344553964
2.83944354041032513321
2.84524250196677614105
2.85855576971750092479
2.86791829181579362316
2.88005382360184535670
2.88441211216812783684
2.89163760863828333300
2.90404161664665866346
2.90660377358490566037
2.91857952944407679818
2.92161480235492010092
2.92330250394766523798
2.95014400635614261594
2.98351025264449443215
2.98443223443223443223
3.00363163315084828445
3.00476837490706796216
3.04223440687846109006
3.05148167063190543216
3.05674885612608032536
3.07798741456201338084
3.09319064050032348501
3.09573531765082413186
3.10437788018433179723
3.13232215338602862636
3.13808279168794301688
3.15368645405746763498
3.15999532973982758956
3.16119606869973659603
3.17984677314634463056
3.20375424388909699553
3.22298895685105674941
3.22707523909785780664
3.23300034724805913138
3.23719565154220438526
3.24374290078727821080
3.24940999082207945456
3.25443183698812660286
3.27837954920534050076
3.31587774113539186500
3.32099854627573799814
3.33170548211893432940
3.38620844311838933435
3.43630642068015450690
3.44444400569829992618
3.46247724884949466550
3.50223917066566257821
3.52804412047347902202
3.55814347836445147014
3.57855407149571118928
3.57906062073731835908
3.58439948521645552760
3.61191774656449284257
3.61459430979978925184
3.69679107850993445519
3.72487284396605242457
3.74023120585821796677
3.75021214294251225050
3.75670588466041373508
3.77652067511766914036
3.77912561546153102795
3.78857878183448605176
3.83096201199965443612
3.83615663923778626207
3.85264538016242818371
3.86125214989215181283
3.90501418023595242491
3.91518424794928434499
3.92873206257899900440
4.05340376049509243564
4.06696045518743453562
4.08305403502510161391
4.15239062448821121208
4.20237216659210592863
4.22235072863395898051
4.28994843659294503318
4.32692477437296400871
4.38181588810552033650
4.39287604866347786478
4.42989646995793316929
4.46899459682794204808
4.48141720698211600162
4.50394290475086312898
4.53036977414807215972
4.66854769557990141364
4.77832336408786714408
4.83215074969097068231
4.98836189830895888521
5.17363985079426204900
5.18241809823070220178
5.30003252224817431925
5.56185585371943548005
5.63031227101414586110
5.94424323831756513879
6.20207455492336387516
6.39561787112220068862
8.19771909562493882744
12.89363234630042535641
