1 0.198 0 4
2 0.258 0 6
3 2.983 28346.368 8
4 33.156 116685.824 10
5 1391.088 270478.336 12
31 1.138 0 10
32 1.204 0 24
33 2.989 17685.504 38
34 1.476 0 23
35 3.290 21308.416 37
36 4.764 32796.672 52
37 0.453 12214.272 23
38 3.190 22059.008 36
39 4.055 35558.4 51
40 3.412 22279.168 36
41 46.200 102898.688 79
42 20.612 87422.976 62
43 194.644 216036.352 122
44 45.427 106860.544 62
45 280.774 278843.392 132
46 1801.368 425806.848 200
47 1804.769 753740.8 442
51 0.001 0 21
52 0.001 0 35
53 0.427 0 39
54 1.557 0 62
55 0.287 0 71
56 0.209 0 79
57 0.297 0 84
58 2.622 0 119
59 0.415 0 103
60 152.522 695693.312 147
61 3.382 245562.368 153
62 3.608 243065.856 150
63 0.594 91158.528 145
64 95.555 484055.04 164
65 1.583 0 180
66 1.833 0 190
67 5.545 455175.168 219
68 1240.604 1163291.648 247
69 42.841 721392.64 242
70 1.918 0 237
71 19.468 1209559.04 316
72 174.743 5344799.744 466
73 35.558 1944676.352 627
81 32.166 1686895.616 20
111 1.519 0 50
112 1.343 0 50
113 0.449 0 55
114 0.528 0 60
115 1.533 0 65
116 0.147 0 65
117 0.256 0 70
118 0.448 0 70
119 0.256 0 75
120 0.228 0 75
121 0.297 0 80
122 0.209 0 80
123 1.538 0 85
124 1.546 0 90
125 1.459 0 90
126 1.614 0 95
127 1.544 0 100
128 0.652 0 105
129 1.507 0 120
130 0.359 0 120
131 1.457 0 150
132 1.902 0 200
133 1.631 0 250
134 14.606 219412.48 350
135 4.296 344734.72 450
136 140.374 835205.12 550
137 69.690 2095151.104 750
138 233.339 3888168.96 1000
139 1026.045 8039522.304 1500
141 0.001 0 15
142 0.712 0 24
143 0.414 0 44
144 0.473 0 51
145 1.903 0 71
146 3.455 239383.552 92
147 0.431 0 34
148 1.772 0 55
149 3.755 250889.216 93
150 0.261 0 38
151 1.107 0 73
152 3.493 251003.904 96
153 0.267 0 37
154 1.341 0 47
155 3.480 170514.432 101
156 0.428 0 41
157 1.310 0 43
158 5.689 332846.08 109
159 0.538 0 57
160 3.833 232601.6 108
161 3.586 212623.36 97
162 4.802 429341.696 139
163 201.410 3540216.832 277
164 627.483 7257931.776 383
171 0.079 0 11
172 0.001 0 10
173 1.392 0 21
174 0.179 0 21
175 1.529 0 21
176 0.529 0 22
177 0.532 0 22
178 1.702 0 32
179 0.637 0 32
180 1.858 0 33
181 0.714 0 32
182 0.218 0 32
183 1.103 0 44
184 1.321 0 43
185 0.323 33798.144 44
186 0.306 34910.208 44
187 1.177 0 44
188 1.573 0 55
189 0.998 50098.176 55
190 0.455 46569.472 53
191 0.656 47029.248 55
192 1.524 0 55
193 2.299 0 65
194 1.441 59068.416 64
195 2.743 66769.92 65
196 2.715 60113.92 66
197 2.774 57302.016 66
198 4.034 76739.584 77
199 3.389 76770.304 75
200 5.172 81831.936 77
201 4.921 80251.904 76
202 6.392 81816.576 77
203 7.476 103075.84 88
204 8.409 103896.064 87
205 9.825 110249.984 88
206 7.968 109101.056 88
207 19.552 104730.624 88
208 20.340 128082.944 99
209 16.534 129400.832 97
210 20.180 129049.6 98
211 58.174 129635.328 99
212 29.379 142903.296 99
213 32.873 169285.632 110
214 41.027 164486.144 110
215 40.742 162200.576 108
216 31.260 174656.512 109
217 33.048 169377.792 109
218 39.154 195322.88 121
219 104.132 194554.88 120
220 44.165 199123.968 121
221 69.240 212228.096 121
222 42.935 210593.792 120
223 65.885 235576.32 132
224 160.345 244069.376 131
225 97.584 239242.24 131
226 73.000 242778.112 131
227 44.342 243062.784 131
228 131.739 265499.648 142
229 71.107 273337.344 143
230 79.429 269919.232 143
231 50.338 271483.904 143
232 41.664 268818.432 143
233 87.298 359501.824 154
234 85.082 338766.848 153
235 72.391 331395.072 154
236 105.687 362171.392 154
237 218.753 346485.76 154
238 159.421 360752.128 165
239 162.965 373432.32 165
240 336.319 367361.024 165
241 164.050 390265.856 165
242 183.376 376151.04 163
243 184.211 394261.504 176
244 143.387 380815.36 175
245 140.583 395041.792 176
246 237.459 399584.256 176
247 229.041 398714.88 175
248 208.494 615235.584 187
249 256.108 653310.976 187
250 238.405 594535.424 186
251 140.797 647493.632 187
252 260.358 615721.984 186
253 411.081 753378.304 198
254 317.051 750523.392 197
255 315.324 703280.128 196
256 310.101 754757.632 198
257 425.792 739309.568 198
258 318.905 839796.736 209
259 444.081 857693.184 209
260 489.168 831589.376 209
261 506.276 850232.32 208
262 374.789 839483.392 209
263 1173.380 989587.456 220
264 673.449 974997.504 220
265 400.134 918090.752 220
266 552.261 948760.576 219
267 681.172 956024.832 220
268 667.923 1032125.44 231
269 509.463 1039362.048 230
270 725.157 1037101.056 231
271 388.988 987272.192 231
272 740.259 1050737.664 231
273 1425.687 1129704.448 242
274 705.232 1128736.768 241
275 644.817 1085765.632 240
276 582.996 1055354.88 241
277 508.465 1067694.08 242
278 728.272 1279695.872 253
279 1083.567 1289266.176 253
280 1010.590 1170182.144 252
281 971.274 1202493.44 253
282 909.847 1238036.48 253
283 1514.310 1346036.736 264
284 1111.210 1273372.672 263
285 1433.328 1241871.36 263
286 1248.321 1394167.808 264
287 812.074 1308489.728 264
288 701.090 1376735.232 275
289 1805.679 1411174.4 274
290 1064.158 1434801.152 273
291 1356.201 1397536.768 274
292 1506.235 1415292.928 274
293 1026.729 1508234.24 286
295 1254.331 1442313.216 286
296 1491.113 1559622.656 286
297 1807.060 1541156.864 290
298 1805.917 1584391.168 359
299 1561.248 1656926.208 295
300 1805.454 1627401.216 328
301 1802.521 1598538.752 343
302 1804.762 1474170.88 354
303 1804.337 1709816.832 356
304 1806.125 1683524.608 370
305 1805.442 1696138.24 369
306 1803.665 1744123.904 377
307 1804.181 1670369.28 358
308 1805.659 1789589.504 373
309 1805.043 1779112.96 382
310 1808.043 1730161.664 386
311 1800.519 1941754.88 338
312 1805.833 1802759.168 387
313 1804.693 1925520.384 404
314 1805.692 1890292.736 397
315 1804.612 1880039.424 397
316 1804.838 1911787.52 396
317 1805.884 1907936.256 390
318 954.339 8090313.728 40
319 18.775 683991.04 24
320 869.827 8013758.464 49
321 189.628 2425863.168 32
330 1.107 0 15
331 16.261 163391.488 48
332 13.606 245791.744 58
333 1361.290 1127090.176 123
350 1803.786 2600799.232 72
351 1805.037 2747424.768 64
352 1800.402 2878679.04 70
353 1800.801 1451850.752 50
354 1800.607 2866054.144 69
355 618.918 8094021.632 131
356 1808.935 4811995.136 129
357 758.644 8105446.4 213
358 1808.984 4776921.088 101
359 749.873 8047655.936 132
360 1118.932 8040764.416 234
361 1053.286 8051152.896 193
410 1.040 0 26
411 1.513 0 38
412 1.495 0 50
413 1.574 0 62
414 3.450 229586.944 74
415 7.380 435361.792 86
416 18.905 910019.584 98
417 1.581 0 28
418 1.609 0 41
419 1.333 0 54
420 2.820 0 67
421 3.537 285713.408 80
422 20.175 1451059.2 93
423 62.874 2942528.512 106
424 1.582 0 30
425 1.315 0 44
426 2.013 0 58
427 4.301 259796.992 72
428 12.927 1008443.392 86
429 42.594 2198638.592 100
430 52.049 2911289.344 107
431 122.675 3745116.16 114
432 164.629 4653717.504 121
440 3.194 82449.408 63
441 3.063 86199.296 58
442 0.465 39863.296 40
443 2.953 111838.208 89
444 3.083 101928.96 50
445 1.106 0 27
446 6.257 137465.856 81
447 1.462 0 43
448 5.112 139172.864 81
449 3.591 104952.832 74
450 22.291 341854.208 115
451 18.596 336785.408 133
452 25.259 379873.28 96
453 27.822 401406.976 144
454 28.273 455137.28 114
455 13.050 453815.296 100
456 51.435 571012.096 139
457 109.043 576479.232 133
458 41.089 571255.808 156
459 139.744 628282.368 193
460 97.525 665540.608 133
461 90.044 695454.72 220
462 208.290 609007.616 229
463 177.780 559836.16 190
464 182.678 697472.0 185
465 176.942 715293.696 229
466 513.896 791941.12 244
467 344.337 766863.36 219
468 1159.992 1038006.272 280
469 1299.121 1025917.952 262
470 763.823 1098082.304 292
471 1254.403 1106187.264 298
472 896.831 1254670.336 372
473 437.014 964286.464 242
474 1409.366 1394581.504 311
475 1245.135 1444268.032 279
476 1417.896 1548103.68 351
477 1520.948 1554766.848 332
478 1805.886 1648155.648 489
479 1800.640 1640636.416 357
480 1801.451 2004175.872 444
481 1804.245 1967517.696 543
483 1802.282 2183177.216 500
484 1801.424 2250619.904 690
520 16.741 431242.24 107
521 16.131 431953.92 107
522 18.308 435892.224 107
523 18.405 458864.64 107
524 14.919 447674.368 107
525 11.931 458589.184 107
526 27.339 468380.672 107
527 25.984 478707.712 107
528 35.468 490997.76 107
529 28.654 500752.384 107
530 34.420 527484.928 107
531 41.921 597761.024 107
532 65.997 677374.976 107
533 57.313 708787.2 107
534 87.633 770309.12 107
535 154.839 1345015.808 107
536 238.912 2083442.688 107
537 380.300 3039415.296 107
538 1326.371 4711290.88 107
539 1399.939 6028114.944 107
550 1.603 0 35
551 1.158 0 44
552 1.360 0 54
553 2.011 69986.304 66
554 3.666 124646.4 78
555 7.500 297235.456 92
556 17.389 426565.632 107
557 47.196 768955.392 122
558 55.722 1006991.36 140
559 117.567 1266193.408 158
560 298.027 2188782.592 176
561 321.416 2753007.616 198
562 583.300 3758084.096 219
563 1806.168 6686355.456 244
564 709.486 8166307.84 286
565 280.191 8516980.736 320
579 14.890 480463.872 35
581 723.276 8010701.824 50
599 1.192 0 7
600 5.662 419621.888 16
601 1.575 0 11
602 0.816 0 3
603 1.462 0 18
604 1.535 0 12
605 4.425 422334.464 25
606 0.397 0 15
607 13.076 999648.256 34
608 21.459 1139245.056 48
609 13.715 1002738.688 34
610 27.162 1149164.544 41
611 9.369 512974.848 34
612 7.985 567485.44 68
613 6.855 469570.56 27
614 11.201 551113.728 24
615 6.727 444028.928 22
616 7.457 559421.44 59
617 9.237 812733.44 29
618 14.271 852290.56 29
619 1.595 0 11
620 0.521 0 6
621 2.540 258422.784 12
622 3.331 277956.608 13
623 2.775 0 16
624 3.579 277183.488 18
625 11.692 845120.512 30
626 20.519 1532656.64 45
627 59.554 1553382.4 43
628 13.605 837235.712 33
629 20.344 872752.128 31
630 17.225 670271.488 22
631 7.940 613149.696 23
632 20.622 1524249.6 39
633 119.224 1462700.032 34
634 14.808 991375.36 41
635 12.973 915964.928 31
636 154.492 820343.808 26
637 36.327 626828.288 22
638 125.383 844751.872 31
639 13.953 838004.736 23
641 1.893 0 20
663 52.754 2394993.664 24
685 1133.015 6528931.84 23
713 0.051 0 0
714 0.001 0 6
715 0.001 0 7
716 0.001 0 7
717 1.349 0 11
718 1.561 0 15
719 0.185 0 15
720 0.397 0 9
721 1.269 0 21
722 3.069 16348.16 26
723 31.549 56129.536 37
733 0.001 0 16
734 1.492 0 24
735 0.161 0 16
736 1.119 0 40
737 0.629 19538.944 50
738 1.625 0 39
739 1.646 0 59
740 4.330 41157.632 81
741 11.626 156351.488 100
742 174.623 406334.464 178
743 523.296 363751.424 122
744 467.425 421040.128 130
745 462.222 689944.576 206
746 561.130 635239.424 191
747 1807.848 664961.024 153
748 228.127 466971.648 145
749 449.136 755743.744 127
750 1801.415 1250124.8 270
751 1804.190 2849273.856 528
752 1809.269 4271342.592 654
753 1803.327 6192924.672 688
754 1806.845 6290622.464 666
763 0.459 0 12
764 0.091 0 18
765 0.260 0 16
766 1.543 0 40
767 3.321 80004.096 63
768 2.133 0 57
769 3.756 149479.424 67
770 1.606 0 45
771 72.625 262288.384 133
772 40.704 357060.608 134
773 352.274 830450.688 205
774 222.877 866508.8 202
775 1806.585 3032095.744 384
777 1806.448 6213500.928 714
780 1806.179 5241326.592 828
783 1.110 0 4
784 0.251 0 4
785 1.615 0 4
786 0.202 0 2
787 1.292 0 10
788 2.054 75694.08 11
789 1.580 0 12
790 1.781 0 14
791 0.556 29964.288 8
792 1.786 0 12
793 1.544 0 9
794 0.352 21579.776 10
795 1.623 100864.0 16
796 3.010 135159.808 15
797 231.032 4207847.424 20
798 3.200 156411.904 16
799 1.882 0 14
800 15.149 890431.488 15
801 1.574 0 11
802 9.621 271211.52 16
803 0.001 0 1
804 0.001 0 3
805 0.001 0 7
806 1.301 0 15
807 1.505 0 31
808 3.067 49466.368 63
809 8.772 148330.496 127
810 48.634 638320.64 255
811 397.804 2525805.568 511
823 0.001 0 8
824 0.001 0 19
825 0.001 0 15
826 0.249 0 22
827 0.001 0 32
828 1.666 0 29
829 1.361 0 32
830 0.260 0 34
831 0.097 0 31
832 0.252 0 35
833 1.138 0 20
834 1.098 0 18
835 1.606 0 27
836 1.307 0 31
837 1.306 0 39
838 1.384 0 52
839 1.558 0 50
840 0.441 0 53
841 1.555 0 65
842 1.890 0 40
843 1.670 24054.784 53
844 1.690 0 66
845 4.241 36817.92 68
846 1.614 0 69
847 12.693 59785.216 85
848 149.672 230628.352 132
849 5.983 58229.76 85
850 60.850 226359.296 155
851 150.787 305113.088 156
852 214.426 251340.8 127
853 923.071 358831.104 187
854 1637.505 554384.384 234
855 1805.168 1067094.016 411
863 0.506 0 7
864 0.400 0 3
865 1.374 0 6
866 1.523 0 5
867 0.063 0 6
868 0.440 0 6
869 0.146 0 14
870 1.543 0 15
871 0.352 0 11
872 0.343 0 18
873 0.221 0 14
874 0.164 0 14
875 1.167 0 15
876 0.516 0 20
877 0.200 0 19
878 0.377 0 26
879 0.242 0 24
880 0.434 0 41
881 1.779 0 58
882 1.515 0 72
883 0.424 0 88
884 1.547 0 97
885 1.618 0 114
886 1.562 0 125
887 3.252 125324.288 140
888 2.437 118163.456 158
889 3.280 139572.224 167
890 3.094 144323.584 184
891 3.778 209345.536 202
892 4.745 212824.064 215
