1 0.001 0 4
2 0.584 0 6
3 3.118 29100.032 8
4 31.652 104441.856 10
5 1147.266 244203.52 12
31 0.396 0 10
32 0.618 0 27
33 1.217 0 45
34 0.858 0 23
35 1.171 17528.832 40
36 2.289 23619.584 63
37 1.449 0 23
38 1.115 17278.976 36
39 3.655 27248.64 58
40 3.222 20170.752 36
41 16.689 72169.472 94
42 6.848 60544.0 62
43 28.946 146349.056 153
44 13.028 74840.064 62
45 210.675 204811.264 151
46 222.174 307945.472 243
51 0.001 0 21
52 0.001 0 35
53 0.222 0 39
54 1.803 0 62
55 1.498 0 71
56 0.798 0 79
57 1.594 0 84
58 1.516 0 119
59 1.577 0 103
60 113.941 631868.416 147
61 3.409 217598.976 153
62 2.347 205631.488 150
63 1.797 0 145
64 45.178 418313.216 164
65 3.205 155910.144 180
66 0.997 72988.672 190
67 6.183 428550.144 219
68 1332.105 1000819.712 247
69 55.236 605575.168 242
70 0.931 0 237
71 10.769 1197419.52 316
72 94.711 4915211.264 466
73 32.203 1652275.2 627
81 13.820 804170.752 20
111 0.001 0 50
112 0.768 0 50
113 0.261 0 55
114 1.548 0 60
115 1.504 0 65
116 1.368 0 65
117 1.142 0 70
118 1.134 0 70
119 0.707 0 75
120 0.346 0 75
121 0.142 0 80
122 0.171 0 80
123 0.264 0 85
124 0.122 0 90
125 1.512 0 90
126 0.447 0 95
127 0.447 0 100
128 1.629 0 105
129 0.289 0 120
130 1.261 0 120
131 1.541 0 150
132 1.585 0 200
133 1.642 0 250
134 10.618 216159.232 350
135 6.038 344748.032 450
136 128.044 599505.92 550
137 49.841 1469619.2 750
138 248.542 2736749.568 1000
139 848.611 6673690.624 1500
141 0.001 0 15
142 1.153 0 24
143 0.655 0 44
144 0.430 0 51
145 1.581 0 71
146 3.830 173449.216 92
147 0.558 0 34
148 1.051 0 55
149 2.643 259580.928 93
150 1.472 0 38
151 1.163 0 73
152 2.598 191311.872 96
153 1.519 0 37
154 1.791 0 47
155 1.521 0 101
156 0.533 0 41
157 0.568 0 43
158 3.558 264675.328 109
159 1.553 0 57
160 1.769 0 108
161 1.374 187432.96 97
162 3.247 326885.376 139
163 126.009 2945164.288 277
164 371.154 6119141.376 383
171 0.106 0 11
172 0.001 0 10
173 1.545 0 21
174 1.579 0 21
175 1.630 0 21
176 1.517 0 22
177 1.583 0 22
178 0.189 0 32
179 0.996 0 32
180 1.551 0 33
181 1.584 0 32
182 0.230 0 32
183 0.578 0 44
184 1.621 0 43
185 1.742 0 44
186 0.250 0 44
187 1.488 0 44
188 1.548 0 55
189 0.377 0 55
190 0.892 0 53
191 1.462 0 55
192 0.368 0 55
193 1.386 0 65
194 1.625 0 64
195 1.670 0 65
196 1.004 39568.384 66
197 1.551 0 66
198 2.208 49771.52 77
199 1.516 0 75
200 1.588 50132.992 77
201 1.805 0 76
202 1.734 50552.832 77
203 3.108 63721.472 88
204 5.071 67582.976 87
205 4.873 71171.072 88
206 2.075 63681.536 88
207 3.349 66530.304 88
208 7.862 81964.032 99
209 4.772 77082.624 97
210 6.697 81964.032 98
211 4.315 81934.336 99
212 4.167 81814.528 99
213 6.871 109919.232 110
214 13.123 107909.12 110
215 6.741 98677.76 108
216 6.948 102604.8 109
217 28.820 106352.64 109
218 10.771 121906.176 121
219 53.843 130666.496 120
220 12.605 123184.128 121
221 14.211 130960.384 121
222 13.462 130381.824 120
223 153.710 171041.792 132
224 27.564 145868.8 131
225 65.570 150405.12 131
226 21.032 142778.368 131
227 86.204 149282.816 131
228 27.208 170250.24 142
229 36.505 171819.008 143
230 39.239 174922.752 143
231 34.820 166370.304 143
232 16.785 170599.424 143
233 29.628 196985.856 154
234 27.297 213909.504 153
235 25.202 216394.752 154
236 20.674 214212.608 154
237 75.374 215634.944 154
238 76.193 250980.352 165
239 117.502 225564.672 165
240 152.667 249725.952 165
241 53.462 250867.712 165
242 97.250 244127.744 163
243 102.389 291314.688 176
244 87.941 286119.936 175
245 54.141 264226.816 176
246 67.117 285626.368 176
247 120.505 262890.496 175
248 75.699 435937.28 187
249 153.218 456624.128 187
250 130.809 432662.528 186
251 84.289 442876.928 187
252 149.879 458580.992 186
253 119.938 507291.648 198
254 267.550 506366.976 197
255 186.830 507876.352 196
256 119.772 505951.232 198
257 174.434 472906.752 198
258 270.929 512195.584 209
259 352.770 525830.144 209
260 205.447 554351.616 209
261 183.346 519624.704 208
262 223.742 570736.64 209
263 176.998 575685.632 220
264 357.443 561728.512 220
265 218.400 566295.552 220
266 292.795 582959.104 219
267 438.827 586551.296 220
268 376.914 618727.424 231
269 315.802 613151.744 230
270 188.270 648265.728 231
271 339.086 620300.288 231
272 500.528 663492.608 231
273 328.421 720911.36 242
274 1805.568 676797.44 241
275 536.870 721756.16 240
276 430.415 710331.392 241
277 380.492 686179.328 242
278 452.022 726132.736 253
279 474.303 742729.728 253
280 438.882 769461.248 252
281 368.616 760227.84 253
282 550.230 778466.304 253
283 672.095 832774.144 264
284 612.950 817887.232 263
285 709.410 853635.072 263
286 626.822 839619.584 264
287 415.044 840031.232 264
288 640.346 839050.24 275
289 462.474 848595.968 274
290 482.651 864631.808 273
291 567.500 846027.776 274
292 1135.475 800309.248 274
293 910.504 920318.976 286
294 1805.678 938940.416 286
295 676.938 907850.752 286
296 736.904 898546.688 286
297 1005.275 941316.096 285
298 737.110 984609.792 297
299 1468.888 989331.456 295
300 1275.214 981299.2 297
301 1174.970 969082.88 297
302 632.193 964699.136 297
303 1795.726 1094033.408 308
304 1522.556 1022678.016 307
305 1158.393 1071401.984 308
306 1585.244 1045326.848 308
307 1696.313 1059269.632 308
308 1336.074 1138708.48 316
309 1498.784 1138797.568 318
310 1801.461 1163606.016 319
311 1703.416 1168883.712 318
314 1806.865 1193333.76 330
315 1569.741 1288390.656 330
316 1235.090 1251402.752 330
317 1295.261 1256776.704 329
318 658.852 6712919.04 40
319 7.909 246690.816 24
320 765.503 6725263.36 48
321 35.150 761105.408 32
330 0.672 0 15
331 5.057 97806.336 48
332 8.496 160760.832 58
333 365.216 715726.848 123
350 1807.721 1318200.32 70
351 1800.916 1418891.264 68
352 1800.499 1444293.632 72
353 74.761 675741.696 54
354 1802.848 1391971.328 68
355 1810.532 4834975.744 106
356 1381.861 2295028.736 113
357 1800.873 4895952.896 107
358 1801.052 2349372.416 111
359 1803.942 4564564.992 112
360 1808.741 5668936.704 198
410 1.574 0 26
411 1.498 0 38
412 0.857 0 50
413 0.723 77114.368 62
414 3.110 160193.536 74
415 5.120 287728.64 86
416 10.417 621530.112 98
417 1.648 0 28
418 1.600 0 41
419 0.968 0 54
420 1.610 122096.64 67
421 1.817 243419.136 80
422 10.563 1028211.712 93
423 21.885 2120364.032 106
424 0.845 0 30
425 1.530 0 44
426 1.557 0 58
427 3.334 201251.84 72
428 6.073 729413.632 86
429 18.614 1633393.664 100
430 27.265 2246331.392 107
431 73.993 2978781.184 114
432 119.005 3806429.184 121
440 1.296 0 63
441 2.390 67878.912 58
442 1.766 0 40
443 3.387 87144.448 89
444 2.434 83257.344 50
445 1.574 0 27
446 3.840 108387.328 81
447 1.634 0 43
448 4.527 110092.288 81
449 1.682 0 74
450 14.610 262341.632 115
451 7.569 256131.072 133
452 9.180 299097.088 96
453 19.853 307955.712 144
454 18.221 352977.92 114
455 11.192 346066.944 100
456 19.845 433683.456 139
457 58.512 453360.64 133
458 34.390 446399.488 156
459 64.659 492196.864 193
460 50.689 530729.984 133
461 61.568 538078.208 220
462 77.535 506772.48 229
463 115.082 448105.472 190
464 205.761 541191.168 185
465 208.613 565683.2 229
466 247.352 591370.24 244
467 297.028 637477.888 219
468 682.433 747247.616 280
469 688.565 791674.88 262
470 337.487 842219.52 292
471 746.494 904638.464 298
472 467.676 948116.48 372
473 350.958 743799.808 242
474 766.311 1096006.656 311
475 502.680 1115530.24 279
476 714.236 1188758.528 351
477 679.457 1326471.168 332
478 1624.730 1321286.656 356
479 1806.830 1248471.04 338
480 1237.735 1638135.808 353
481 1802.353 1685455.872 417
482 1802.526 1715480.576 531
483 1800.850 1707923.456 442
484 1802.710 1851375.616 622
520 15.091 341187.584 107
521 16.842 341386.24 107
522 15.018 345094.144 107
523 14.866 357475.328 107
524 18.082 357918.72 107
525 21.036 368475.136 107
526 21.244 378525.696 107
527 17.870 388068.352 107
528 24.460 402307.072 107
529 37.510 409197.568 107
530 45.082 439089.152 107
531 45.193 596317.184 107
532 57.434 676238.336 107
533 43.731 707329.024 107
534 84.403 769054.72 107
535 166.334 1344992.256 107
536 228.628 2082964.48 107
537 384.960 3039417.344 107
539 1496.307 6028113.92 107
550 0.831 0 35
551 0.733 0 44
552 1.161 0 54
553 1.925 0 66
554 5.534 104254.464 78
555 7.054 236535.808 92
556 14.527 337022.976 107
557 27.628 625398.784 122
558 59.614 845287.424 140
559 71.343 1048297.472 158
560 212.221 1842046.976 176
561 320.254 2425362.432 198
562 416.662 3269347.328 219
563 1803.668 5557026.816 244
564 1358.829 7141053.44 266
565 180.401 8168469.504 320
579 5.265 233277.44 35
581 429.061 6613841.92 44
599 1.614 0 7
600 2.701 214347.776 16
601 1.564 0 11
602 0.401 39368.704 3
603 1.527 0 18
604 1.664 0 12
605 3.682 424572.928 25
606 0.416 0 15
607 5.889 712086.528 34
608 14.467 715268.096 48
609 5.450 704493.568 34
610 12.488 982353.92 41
611 3.259 208205.824 34
612 4.471 542505.984 68
613 2.621 143661.056 27
614 8.263 377136.128 24
615 4.105 293464.064 23
616 6.234 534362.112 59
617 8.714 673798.144 29
618 9.846 726332.416 29
619 0.694 0 11
620 0.267 0 6
621 3.451 165552.128 12
622 2.025 0 13
623 0.814 81054.72 16
624 2.063 106545.152 18
625 5.989 468825.088 30
626 18.411 1265887.232 45
627 24.414 1283047.424 43
628 7.845 669810.688 33
629 13.203 806937.6 31
630 3.580 431569.92 25
631 5.725 408060.928 23
632 22.713 1260505.088 39
633 60.978 1200234.496 34
634 9.184 862031.872 41
635 12.833 835158.016 31
636 30.467 644578.304 26
637 14.516 411894.784 35
638 31.981 674504.704 31
639 8.019 547226.624 23
641 1.365 124868.608 20
663 23.588 1476974.592 24
685 366.758 4141393.92 23
713 0.001 0 0
714 0.001 0 6
715 0.001 0 7
716 0.151 0 7
717 0.469 0 11
718 0.538 0 15
719 0.696 0 15
720 0.538 0 9
721 1.532 0 21
722 3.114 16356.352 26
723 38.977 56267.776 37
733 0.000 0 16
734 0.001 0 24
735 0.744 0 16
736 0.070 0 40
737 1.621 0 50
738 1.558 0 39
739 0.743 0 59
740 1.672 0 81
741 6.156 101438.464 100
742 34.373 241336.32 178
743 118.853 229356.544 124
744 139.368 263434.24 133
745 102.033 429676.544 206
746 112.355 412034.048 202
747 350.437 423783.424 153
748 22.460 236279.808 147
749 234.486 500398.08 127
750 606.984 768462.848 214
751 1804.660 1704298.496 376
752 1800.549 2674627.584 504
753 1806.748 4412880.896 659
754 1805.154 3910817.792 635
755 1802.238 4262996.992 618
763 0.001 0 12
764 0.431 0 18
765 1.465 0 16
766 0.464 0 40
767 2.799 56502.272 63
768 1.381 0 57
769 2.620 110008.32 67
770 0.571 0 45
771 48.705 197906.432 133
772 59.733 249956.352 134
773 315.501 555021.312 205
774 293.482 586731.52 202
775 1803.866 2033905.664 334
776 1804.110 3361648.64 523
777 1801.998 6213512.192 714
780 1806.714 2971937.792 792
783 0.297 0 4
784 0.143 0 4
785 1.481 0 4
786 1.570 0 2
787 0.644 0 10
788 1.665 0 11
789 1.506 0 13
790 1.554 0 14
791 1.527 0 8
792 1.511 0 12
793 1.496 0 9
794 0.299 0 10
795 1.831 0 16
796 1.957 100505.6 15
797 185.008 3745114.112 20
798 3.074 139937.792 16
799 1.030 0 14
800 14.304 734005.248 15
801 2.054 0 11
802 6.266 271098.88 16
803 0.001 0 1
804 0.688 0 3
805 0.001 0 7
806 0.243 0 15
807 1.418 0 31
808 1.563 46196.736 63
809 6.557 145107.968 127
810 63.932 652239.872 255
811 368.760 2503786.496 511
823 0.001 0 8
824 0.001 0 19
825 0.000 0 15
826 0.001 0 22
827 0.191 0 32
828 0.820 0 29
829 0.816 0 32
830 1.439 0 34
831 0.001 0 31
832 0.227 0 35
833 0.211 0 20
834 0.896 0 18
835 0.105 0 27
836 1.522 0 31
837 0.809 0 39
838 1.507 0 52
839 1.194 0 50
840 0.163 0 54
841 1.348 0 65
842 1.591 0 40
843 1.036 0 53
844 1.937 19899.392 66
845 2.985 28078.08 68
846 1.564 0 69
847 8.078 42090.496 85
848 60.811 178831.36 132
849 2.996 36514.816 85
850 66.625 165941.248 155
851 159.242 229456.896 156
852 136.197 200625.152 127
853 551.964 246413.312 187
854 1314.724 353260.544 234
855 1804.751 686754.816 342
863 0.308 0 7
864 1.145 0 3
865 0.001 0 6
866 0.294 0 5
867 1.452 0 6
868 0.092 0 6
869 0.667 0 14
870 0.895 0 15
871 1.475 0 11
872 0.233 0 18
873 0.878 0 14
874 0.521 0 14
875 0.785 0 15
876 0.358 0 20
877 0.405 0 19
878 0.719 0 26
879 0.252 0 24
880 0.443 0 41
881 0.635 0 58
882 1.975 0 72
883 1.617 0 88
884 1.560 0 97
885 1.164 0 114
886 1.579 0 125
887 1.725 0 140
888 1.673 112559.104 158
889 1.740 127760.384 167
890 3.413 144292.864 184
891 2.618 145614.848 202
892 2.936 270792.704 215
