1 0.511 0 4
2 1.147 0 6
3 1.868 47017.984 8
4 44.641 183450.624 10
5 1084.184 411279.36 12
31 1.162 0 14
32 1.600 0 31
33 1.351 0 59
34 0.298 0 43
35 1.005 0 58
36 0.446 0 84
37 0.973 0 38
38 0.280 0 58
39 1.142 0 82
40 1.632 0 60
41 1.089 51997.696 121
42 1.621 0 101
43 9.222 107728.896 196
44 1.195 0 98
45 19.889 149073.92 204
46 129.368 245690.368 300
51 0.001 0 21
52 0.001 0 35
53 1.424 0 39
54 1.529 0 95
55 0.222 0 71
56 1.031 0 80
57 1.584 0 107
58 2.351 221736.96 143
59 1.137 0 121
60 21.651 991547.392 217
61 4.020 267849.728 171
62 6.547 458188.8 150
63 2.171 157257.728 163
64 8.365 565964.8 223
65 5.763 262287.36 198
66 3.561 396382.208 191
67 11.740 598658.048 219
68 17.963 1558245.376 357
69 10.511 1008146.432 307
70 3.711 354125.824 237
71 58.380 2742081.536 317
72 833.560 8005173.248 467
81 19.601 755804.16 20
111 0.001 0 50
112 0.243 0 50
113 1.249 0 55
114 1.073 0 60
115 0.150 0 65
116 0.641 0 65
117 1.541 0 70
118 0.306 0 70
119 1.166 0 75
120 1.602 0 75
121 0.370 0 80
122 0.372 0 80
123 1.122 0 85
124 0.556 0 90
125 0.230 0 90
126 1.580 0 95
127 0.384 0 100
128 0.534 0 105
129 0.154 0 120
130 0.934 0 120
131 1.432 0 150
132 1.522 0 200
133 1.400 0 250
134 5.495 145604.608 350
135 2.764 260798.464 450
136 10.269 398684.16 550
137 429.303 1670098.944 750
138 146.992 2684149.76 1000
139 667.983 6629672.96 1500
141 0.001 0 15
142 0.550 0 31
143 1.360 0 44
144 1.162 0 51
145 1.531 0 71
146 3.447 137542.656 92
147 0.233 0 34
148 0.956 0 59
149 2.720 171185.152 101
150 1.548 0 38
151 1.631 0 73
152 3.423 140511.232 96
153 0.247 0 45
154 1.079 0 54
155 2.155 123920.384 112
156 1.306 0 41
157 1.285 0 50
158 4.212 223108.096 109
159 1.373 0 57
160 1.312 136080.384 108
161 1.457 168711.168 97
162 5.442 298654.72 139
163 322.364 4593252.352 277
171 0.460 0 11
172 1.534 0 10
173 0.360 0 25
174 0.542 0 25
175 1.080 0 24
176 0.974 0 25
177 0.447 0 24
178 1.510 0 38
179 0.423 0 38
180 1.525 0 37
181 1.633 0 38
182 1.459 0 38
183 1.560 0 55
184 1.696 0 51
185 1.193 0 52
186 1.106 0 52
187 1.563 0 55
188 0.551 0 66
189 0.732 0 63
190 0.741 0 63
191 1.005 0 65
192 0.267 0 66
193 1.109 0 78
194 1.325 0 78
195 0.961 0 77
196 0.478 25227.264 78
197 1.724 0 78
198 1.021 0 91
199 1.467 0 92
200 1.051 0 96
201 1.337 0 96
202 1.602 0 91
203 0.443 78453.76 109
204 0.444 73491.456 103
205 1.316 0 108
206 0.485 0 104
207 1.365 0 109
208 0.550 0 121
209 1.646 0 119
210 1.490 0 116
211 1.079 0 117
212 1.799 0 117
213 1.231 0 130
214 1.544 0 130
215 1.012 0 133
216 1.598 0 139
217 1.540 0 138
218 1.633 0 145
219 1.573 0 146
220 1.389 0 151
221 1.062 0 142
222 1.101 0 146
223 1.534 0 162
224 0.968 0 154
225 2.071 0 163
226 1.435 0 165
227 1.629 0 154
228 2.754 195663.872 180
229 2.481 168487.936 174
230 1.575 0 172
231 1.508 0 172
232 1.511 0 168
233 2.032 171248.64 186
234 3.286 167905.28 192
235 1.791 0 181
236 2.925 186733.568 190
237 2.743 173813.76 181
238 3.266 191368.192 195
239 3.097 245863.424 194
240 3.347 187975.68 207
241 6.194 263042.048 210
242 3.033 180767.744 192
243 21.573 302400.512 223
244 3.634 243294.208 217
245 9.602 294472.704 222
246 3.691 260989.952 205
247 4.334 279107.584 206
248 4.251 310883.328 220
249 9.035 325688.32 235
250 4.026 221591.552 217
251 4.380 178543.616 220
252 10.153 328328.192 233
253 3.107 374788.096 240
254 4.591 392201.216 240
255 6.225 348941.312 231
256 6.038 343505.92 233
257 4.724 384921.6 238
258 5.999 355781.632 252
259 5.484 350502.912 245
260 5.869 419650.56 248
261 4.452 334797.824 246
262 4.525 341894.144 245
263 4.572 461523.968 258
264 16.919 487578.624 275
265 3.254 465896.448 257
266 6.727 448446.464 258
267 4.757 460590.08 258
268 9.539 533423.104 271
269 8.511 530322.432 270
270 6.329 527855.616 272
271 7.701 524768.256 269
272 7.060 488220.672 277
273 6.486 583548.928 284
274 94.043 703571.968 303
275 6.521 583142.4 285
276 34.290 610257.92 294
277 59.372 680388.608 304
278 199.412 778200.064 317
279 6.962 585199.616 298
280 84.423 724092.928 318
281 94.823 764525.568 319
282 103.683 733941.76 312
283 149.909 765850.624 325
284 7.481 563654.656 311
285 192.118 820388.864 327
286 18.818 787392.512 321
287 9.721 684630.016 311
288 351.304 892854.272 343
289 245.668 872552.448 346
290 341.669 896259.072 337
291 8.975 640166.912 321
292 222.825 894630.912 339
293 75.103 941537.28 348
294 387.981 1040965.632 361
295 282.591 1028721.664 349
296 321.804 1071513.6 346
297 219.637 1056927.744 355
298 11.865 853226.496 350
299 33.170 1014768.64 361
300 28.758 1008929.792 364
301 328.886 1151177.728 375
302 30.578 1013367.808 362
303 24.880 1086285.824 378
304 94.130 1104340.992 381
305 19.723 1014099.968 368
306 451.667 1278745.6 384
307 86.469 1219497.984 378
308 404.064 1409995.776 396
309 556.257 1471081.472 398
310 397.303 1451657.216 402
311 560.027 1481963.52 385
312 45.734 1391441.92 389
313 118.142 1343780.864 404
314 591.232 1572544.512 409
315 592.836 1574641.664 407
316 740.557 1605481.472 406
317 698.800 1605185.536 410
318 1513.792 7762417.664 41
319 14.918 283770.88 25
320 1141.763 7775990.784 49
321 101.646 1057313.792 33
330 0.109 0 19
331 1.700 0 98
332 1.986 0 100
333 12.467 422374.4 253
350 184.171 2806518.784 94
351 154.311 2795575.296 100
352 190.085 2820814.848 153
353 47.768 1102260.224 97
354 194.704 2820511.744 101
356 315.726 3704834.048 151
358 437.306 3833024.512 186
410 1.582 0 26
411 0.547 0 38
412 1.202 0 51
413 1.356 0 64
414 3.672 247659.52 75
415 6.347 627302.4 91
416 20.073 1273038.848 111
417 1.676 0 28
418 0.901 0 42
419 2.048 0 56
420 3.223 296461.312 67
421 9.271 614737.92 86
422 19.752 1328836.608 99
423 64.741 2758673.408 118
424 1.011 0 30
425 1.158 0 44
426 3.417 196971.52 60
427 7.804 557389.824 75
428 25.429 1150671.872 89
429 58.217 2707300.352 109
430 390.026 5858693.12 120
440 1.811 0 80
441 0.812 0 90
442 1.197 0 51
443 1.377 0 118
444 1.243 0 87
445 0.670 0 27
446 1.564 0 114
447 1.103 0 65
448 1.356 81542.144 110
449 1.536 47927.296 107
450 5.027 157875.2 159
451 5.925 158697.472 176
452 4.055 176122.88 146
453 4.584 178810.88 212
454 4.139 196809.728 166
455 2.238 198612.992 131
456 12.393 286262.272 182
457 15.928 285990.912 186
458 16.944 287209.472 218
459 20.646 317115.392 273
460 12.217 336092.16 195
461 57.132 344946.688 301
462 31.470 386915.328 323
463 20.559 352885.76 278
464 44.829 445513.728 283
465 69.422 455000.064 327
466 61.985 487022.592 368
467 55.500 480496.64 319
468 163.013 741087.232 408
469 156.395 660440.064 446
470 126.643 682316.8 431
471 198.468 696682.496 465
472 296.252 735254.528 506
473 126.285 639006.72 354
474 301.199 885664.768 444
475 202.493 934580.224 426
476 383.826 997585.92 477
477 568.514 1001759.744 523
478 954.967 1236287.488 558
479 734.192 1092986.88 533
480 1433.041 1682685.952 527
482 1797.843 1592922.112 564
483 1192.140 1726540.8 495
520 6.160 345860.096 123
521 8.819 1213993.984 125
522 12.722 1387852.8 129
523 18.743 1498736.64 127
524 28.054 1658867.712 125
525 25.615 2053804.032 125
526 32.668 2281361.408 125
527 42.799 2468568.064 125
528 66.636 3166877.696 123
529 87.243 3525355.52 123
530 139.967 3903255.552 129
531 156.257 4366270.464 127
532 198.705 6069685.248 127
533 381.702 6753111.04 129
534 396.070 7287655.424 129
550 0.977 0 41
551 1.563 0 56
552 1.144 0 70
553 1.483 0 80
554 1.905 174162.944 96
555 2.698 196374.528 110
556 3.180 145917.952 133
557 8.948 600543.232 140
558 8.449 660890.624 166
559 17.951 925272.064 186
560 53.659 4772090.88 196
561 103.595 5572442.112 220
562 168.059 7025644.544 243
579 18.889 1044467.712 41
599 1.389 0 7
600 5.720 743943.168 18
601 1.360 0 11
602 1.059 0 3
603 3.022 144644.096 18
604 2.345 116569.088 12
605 9.787 1017584.64 34
606 0.571 0 15
607 29.632 1548780.544 49
608 37.603 2183667.712 51
609 34.437 1538863.104 55
610 50.956 2196323.328 56
611 13.162 752116.736 54
612 17.810 1264982.016 68
613 4.062 304423.936 29
614 6.546 470336.512 38
615 10.437 806956.032 23
616 19.492 1408859.136 59
617 20.870 1343677.44 29
618 20.631 1392070.656 29
619 1.502 0 11
620 1.522 0 6
621 5.479 324744.192 12
622 5.002 266091.52 13
623 5.021 296669.184 16
624 4.038 206606.336 18
625 21.433 1208553.472 36
626 64.542 2976822.272 48
627 65.694 2965980.16 78
628 16.455 1420173.312 42
629 30.196 2059378.688 31
630 16.828 1031892.992 34
631 13.597 1146746.88 23
632 60.235 2964361.216 48
633 67.575 2910000.128 61
634 32.561 1544126.464 43
635 45.532 2190366.72 36
636 39.606 1598187.52 56
637 21.069 1063071.744 54
638 29.315 1614360.576 52
639 10.084 558753.792 23
641 1.901 0 20
663 78.083 1618010.112 24
685 588.266 4168654.848 81
713 0.001 0 0
714 0.001 0 6
715 0.238 0 7
716 0.000 0 7
717 0.944 0 11
718 0.633 0 15
719 0.529 0 15
720 0.267 0 9
721 1.541 0 21
722 3.172 15322.112 26
723 36.705 48251.904 37
733 1.224 0 16
734 1.104 0 31
735 0.701 0 16
736 0.823 0 46
737 0.644 0 85
738 0.956 0 66
739 1.003 0 112
740 0.628 0 123
741 2.837 229440.512 149
742 8.939 529089.536 298
743 5.789 459292.672 196
744 6.434 433805.312 193
745 12.368 853700.608 384
746 21.883 868052.992 258
747 17.342 861757.44 264
748 12.161 573659.136 194
749 21.980 945128.448 258
750 113.942 2118333.44 356
751 246.222 3589735.424 513
752 614.314 6354286.592 685
763 0.421 0 16
764 1.227 0 34
765 0.072 0 24
766 1.665 0 69
767 1.609 0 126
768 1.146 0 98
769 0.802 79990.784 125
770 0.285 42330.112 79
771 3.079 133519.36 236
772 4.230 371373.056 278
773 15.729 1056899.072 383
774 27.938 1084480.512 360
775 314.761 2373697.536 538
776 1545.012 4182651.904 623
783 1.083 0 4
784 0.447 0 4
785 0.001 0 4
786 0.795 0 2
787 1.306 0 10
788 33.020 1184754.688 11
789 1.483 0 14
790 3.625 110565.376 14
791 1.029 0 8
792 3.067 103588.864 14
793 2.001 0 15
794 1.549 0 10
795 9.970 301366.272 20
796 9.985 336718.848 15
798 132.148 3634180.096 22
799 8.696 333859.84 14
801 5.852 185951.232 13
803 0.001 0 1
804 0.001 0 3
805 0.001 0 7
806 1.509 0 15
807 1.353 0 31
808 3.194 34775.04 63
809 7.845 96470.016 127
810 40.869 376329.216 255
811 290.843 1387320.32 511
823 0.001 0 8
824 0.001 0 21
825 0.330 0 18
826 0.001 0 28
827 0.001 0 37
828 0.001 0 32
829 0.001 0 45
830 1.594 0 45
831 0.001 0 38
832 0.176 0 43
833 0.072 0 27
834 0.968 0 24
835 0.001 0 35
836 0.465 0 40
837 0.752 0 50
838 0.097 0 72
839 0.142 0 74
840 1.125 0 58
841 1.061 0 94
842 1.304 0 55
843 0.809 0 87
844 0.379 0 86
845 0.831 0 110
846 0.927 0 82
847 2.337 30319.616 124
848 8.955 107881.472 257
849 0.815 0 112
850 6.058 107815.936 244
851 31.478 138668.032 224
852 6.216 118521.856 193
853 12.549 188857.344 274
854 13.748 569230.336 366
855 229.048 1012687.872 552
856 1433.052 1141042.176 547
863 0.120 0 9
864 0.060 0 3
865 0.001 0 6
866 0.001 0 5
867 0.001 0 6
868 0.340 0 6
869 1.045 0 16
870 1.387 0 19
871 1.341 0 13
872 0.176 0 24
873 1.105 0 19
874 0.105 0 14
875 1.100 0 15
876 1.322 0 21
877 0.183 0 19
878 0.369 0 27
879 0.543 0 26
880 1.298 0 41
881 1.168 0 59
882 1.521 0 73
883 0.796 52723.712 88
884 1.040 0 101
885 1.039 78103.552 116
886 1.551 0 130
887 1.312 110509.056 144
888 1.820 128220.16 160
889 3.287 136078.336 171
890 2.351 110935.04 187
891 2.494 110710.784 205
892 2.610 333970.432 217
