1 1.509 0 10
2 0.914 0 6
3 65.911 7973.888 8
31 1.161 0 18
32 1.811 0 46
33 0.740 0 68
34 1.871 0 42
35 0.358 0 68
36 1.869 0 92
37 1.905 0 42
38 0.166 0 70
39 0.432 0 90
40 0.122 0 66
41 0.646 0 142
42 0.303 0 114
43 0.620 0 212
44 1.051 0 114
45 0.228 0 234
46 0.152 0 334
47 1.355 0 478
48 1.443 0 714
49 1.720 0 958
50 1.626 0 1198
51 0.233 0 22
52 1.158 0 35
53 0.733 0 40
54 0.435 0 94
55 0.339 0 72
56 1.740 0 80
57 1.143 0 110
58 2.076 8285.184 146
59 0.803 0 120
60 14.640 8465.408 214
61 7.658 8577.024 180
62 3.429 8302.592 162
63 1.560 8315.904 162
64 33.800 8588.288 226
65 789.594 8574.976 212
66 980.008 8674.304 191
81 0.076 0 22
82 1.439 0 45
83 0.192 0 71
84 0.102 0 95
85 0.300 0 129
86 0.182 0 142
87 0.287 0 175
88 1.410 0 207
89 1.576 0 233
90 0.353 0 261
91 0.390 0 270
92 0.271 0 302
93 0.518 0 334
94 0.429 0 368
95 1.213 0 394
96 1.870 0 417
97 0.352 0 438
98 1.862 0 497
99 0.430 0 526
100 1.947 0 538
101 2.117 0 814
102 1.916 15460.352 1074
103 4.089 17577.984 1369
104 6.705 16225.28 1642
105 17.235 31096.832 2252
106 30.399 45443.072 2796
107 39.768 66254.848 3377
108 75.500 72765.44 3960
109 153.898 117279.744 4853
110 242.071 144137.216 5732
111 0.322 0 50
112 0.577 0 50
113 0.165 0 55
114 0.001 0 60
115 0.411 0 65
116 0.286 0 65
117 0.155 0 70
118 0.101 0 70
119 0.264 0 75
120 0.695 0 75
121 0.141 0 80
122 0.718 0 80
123 1.112 0 85
124 0.074 0 90
125 0.639 0 90
126 0.165 0 95
127 0.333 0 100
128 0.001 0 105
129 0.172 0 120
130 0.143 0 120
131 0.312 0 150
132 1.855 0 200
133 0.194 0 250
134 1.938 0 350
135 0.161 0 450
136 1.141 0 550
137 2.063 0 750
138 0.970 0 1000
139 1.668 0 1500
140 1.044 0 2500
141 0.183 0 15
142 0.159 0 24
143 0.313 0 44
144 0.379 0 51
145 0.119 0 71
146 0.748 0 92
147 0.175 0 34
148 0.462 0 55
149 0.293 0 93
150 0.000 0 38
151 0.531 0 73
152 0.752 0 96
153 0.399 0 37
154 0.899 0 47
155 0.123 0 101
156 1.250 0 41
157 0.341 0 43
158 0.320 0 109
159 1.839 0 57
160 0.457 0 108
161 0.482 0 97
162 1.154 0 139
163 11.911 8166.4 277
164 1171.894 9344.0 383
171 0.107 0 11
172 0.640 0 10
173 0.416 0 24
174 1.322 0 23
175 0.261 0 22
176 0.114 0 25
177 0.166 0 28
178 1.024 0 43
179 0.325 0 44
180 0.171 0 45
181 0.635 0 39
182 0.311 0 45
183 0.665 0 66
184 0.169 0 65
185 0.263 0 68
186 0.243 0 67
187 0.469 0 70
188 1.255 0 91
189 1.826 0 96
190 0.565 0 85
191 1.253 0 80
192 0.390 0 106
193 0.176 0 100
194 1.171 0 119
195 0.144 0 126
196 0.524 0 137
197 0.217 0 132
198 0.168 0 151
199 0.292 0 134
200 0.153 0 169
201 0.155 0 180
202 1.324 0 160
203 0.309 0 206
204 1.278 0 221
205 1.787 0 168
206 0.223 0 215
207 0.286 0 207
208 0.182 0 241
209 1.538 0 194
210 0.115 0 237
211 0.095 0 243
212 1.800 0 240
213 0.806 0 216
214 0.165 0 311
215 0.666 0 270
216 0.134 0 285
217 0.286 0 321
218 1.654 0 417
219 0.179 0 276
220 0.182 0 309
221 0.281 0 360
222 1.754 0 350
223 0.177 0 394
224 1.552 0 401
225 1.526 0 396
226 0.733 0 395
227 0.621 0 366
228 0.233 0 425
229 1.342 0 456
230 0.338 0 405
231 0.214 0 444
232 1.389 0 436
233 0.565 0 508
234 0.435 0 491
235 1.479 0 554
236 0.286 0 621
237 0.307 0 517
238 0.473 0 541
239 1.074 0 536
240 0.260 0 615
241 0.680 0 620
242 1.315 0 546
243 0.278 0 566
244 1.539 0 661
245 0.289 0 640
246 0.472 0 671
247 0.717 0 663
248 0.791 0 729
249 1.163 0 636
250 1.759 0 699
251 1.530 0 710
252 0.682 0 662
253 0.334 0 736
254 1.834 0 671
255 0.256 0 750
256 0.746 0 821
257 1.519 0 825
258 0.250 10468.352 889
259 1.212 0 778
260 0.205 14238.72 831
261 0.590 0 818
262 1.267 0 884
263 2.026 0 946
264 0.497 0 1001
265 1.113 0 1060
266 1.310 0 915
267 1.704 0 891
268 1.590 0 1075
269 1.953 0 1100
270 1.849 0 1065
271 0.440 11955.2 1118
272 1.717 0 1056
273 0.474 308.224 1044
274 1.448 0 1123
275 2.039 0 1178
276 1.076 0 1317
277 2.046 0 1329
278 1.627 0 1495
279 1.073 0 1246
280 1.594 0 1167
281 0.983 0 1278
282 0.772 0 1272
283 1.323 0 1294
284 1.110 0 1469
285 1.682 0 1224
286 1.839 0 1415
287 2.192 0 1551
288 1.906 0 1261
289 1.868 0 1426
290 2.396 0 1405
291 1.130 12204.032 1360
292 1.452 13325.312 1336
293 1.545 0 1556
294 1.881 0 1639
295 2.223 0 1406
296 1.861 0 1705
297 1.065 0 1645
298 1.762 0 1771
299 1.353 0 1526
300 2.060 0 1803
301 1.592 399.36 1694
302 1.741 0 1806
303 1.436 0 1866
304 1.786 0 1737
305 1.803 16726.016 1996
306 1.513 0 2091
307 2.869 15671.296 1819
308 2.058 0 1575
309 2.192 18475.008 1992
310 1.915 17937.408 1913
311 2.350 17701.888 1976
312 10.862 0 1958
313 2.921 14516.224 2056
314 3.498 17281.024 2111
315 3.206 16645.12 2130
316 3.234 16297.984 2165
317 2.172 0 2061
330 0.441 0 27
331 1.083 0 82
332 5.537 7817.216 96
410 0.301 0 27
411 1.867 0 39
412 0.318 0 51
413 0.659 0 63
414 0.428 0 75
415 1.591 0 87
416 1.312 0 99
417 0.421 0 29
418 0.243 0 42
419 0.265 0 55
420 1.466 0 68
421 1.276 0 81
422 0.548 0 94
423 1.786 0 107
424 0.108 0 31
425 0.444 0 45
426 0.125 0 59
427 0.001 0 73
428 1.105 0 87
429 0.128 0 101
430 0.711 0 108
431 0.155 0 115
432 1.433 0 122
433 1.828 0 156
434 1.363 0 174
440 0.224 0 69
441 0.673 0 65
442 0.270 0 44
443 1.248 0 99
444 1.799 0 55
445 0.847 0 30
446 0.147 0 89
447 0.938 0 47
448 0.116 0 90
449 0.176 0 82
450 0.180 352.256 174
451 1.771 0 190
452 1.408 0 125
453 1.017 0 183
454 0.485 0 156
455 0.784 0 122
456 7.100 9778.176 205
457 4.699 8687.616 192
458 15.446 10136.576 298
459 9.958 9952.256 340
460 8.197 9227.264 191
461 22.749 10470.4 384
520 0.281 0 107
521 1.463 0 107
522 1.679 0 107
523 0.690 0 107
524 1.465 0 107
525 0.255 0 107
526 1.004 0 107
527 1.559 0 107
528 0.675 0 107
529 1.675 0 107
530 1.523 26480.64 107
531 1.104 0 107
532 1.170 50630.656 107
533 1.683 0 107
534 1.659 0 107
535 3.887 66034.688 107
536 5.226 131840.0 107
537 8.531 255320.064 107
538 13.686 299540.48 107
539 19.594 577185.792 107
540 28.716 685093.888 107
541 0.485 0 371
542 1.870 0 371
543 3.268 75680.768 371
544 4.480 118325.248 371
545 7.284 173427.712 371
546 12.007 297000.96 371
547 17.587 361873.408 371
548 28.066 550147.072 371
549 42.362 778295.296 371
550 0.292 0 35
551 0.387 0 44
552 0.313 0 54
553 0.983 0 66
554 0.219 0 78
555 0.194 0 92
556 1.404 0 107
557 1.119 0 122
558 1.630 0 140
559 1.297 0 158
560 0.399 0 176
561 0.840 0 198
562 0.282 0 219
563 1.238 0 240
564 0.663 0 266
565 0.445 0 290
566 1.118 0 314
567 1.594 0 344
568 0.304 0 371
569 1.306 0 398
570 1.680 0 462
571 1.258 69089.28 1067
572 7.600 168841.216 1922
573 19.787 534268.928 3027
574 46.637 1203383.296 4382
575 193.977 2593724.416 5987
576 475.510 4814234.624 7842
579 0.731 0 35
581 0.664 0 44
582 1.187 0 54
585 1.903 0 122
587 2.118 56888.32 278
639 0.182 0 23
640 0.804 8721.408 43
641 0.105 0 24
642 1.447 8044.544 44
663 1.871 0 24
664 2.043 0 46
685 0.282 0 28
686 8.071 8081.408 48
713 0.000 0 3
714 1.117 0 12
715 0.247 0 12
716 0.223 0 11
717 0.814 0 21
718 0.213 0 23
719 0.094 0 21
720 0.130 0 23
721 0.502 0 43
722 0.860 0 49
723 0.389 0 58
724 1.363 0 230
725 1.304 0 296
726 1.896 0 534
727 1.936 0 763
728 2.413 32095.232 956
729 4.656 28079.104 1000
730 7.732 44531.712 1361
731 11.688 56273.92 1435
732 14.700 74689.536 1725
733 1.546 0 18
734 0.322 0 37
735 0.187 0 24
736 0.416 0 56
737 1.567 0 130
738 1.920 0 71
739 0.720 0 144
740 0.755 0 133
741 0.487 0 124
742 1.130 0 578
743 1.562 0 242
744 0.275 0 296
745 0.602 0 536
746 0.316 0 372
747 1.170 0 491
748 1.703 0 346
749 1.168 0 346
750 1.354 10206.208 638
751 1.638 0 727
752 1.618 11364.352 1145
753 1.537 0 1092
754 4.608 12355.584 1183
755 4.900 12220.416 984
756 3.930 12655.616 1403
757 5.433 13435.904 1263
758 7.017 13683.712 1452
759 8.878 17755.136 2339
760 12.393 18176.0 2492
761 6.169 16045.056 1198
762 59.133 21166.08 2640
763 0.177 0 20
764 0.199 0 34
765 0.348 0 28
766 1.107 0 76
767 0.156 0 131
768 0.000 0 114
769 1.047 0 136
770 1.742 0 90
771 0.296 0 279
772 0.322 0 301
773 1.323 0 465
774 1.066 0 450
775 0.982 0 650
776 1.888 0 760
777 1.304 0 911
778 1.089 16283.648 1248
779 1.569 0 1584
780 0.641 0 978
781 1.042 16309.248 1288
782 1.507 0 1226
783 0.167 0 12
784 1.049 0 8
785 0.127 0 20
786 0.227 0 16
787 0.329 0 14
788 0.334 0 40
789 0.352 0 84
790 0.238 0 63
791 1.491 0 57
792 1.879 0 24
793 0.398 0 35
794 0.155 0 80
795 1.843 0 147
796 0.180 0 93
797 0.416 0 162
798 0.001 0 58
799 0.443 0 76
800 0.287 0 23
801 1.375 0 25
802 0.421 0 76
803 0.248 0 1
804 0.167 0 3
805 0.352 0 7
806 0.447 0 15
807 0.095 0 31
808 1.377 0 63
809 1.189 0 127
810 1.235 0 255
811 0.477 0 511
812 1.630 0 1023
813 1.329 0 2047
814 1.027 0 4095
823 0.145 0 8
824 0.062 0 19
825 0.001 0 16
826 0.123 0 23
827 0.159 0 38
828 0.112 0 29
829 1.310 0 36
830 1.074 0 36
831 0.252 0 36
832 0.150 0 35
833 0.088 0 23
834 0.274 0 21
835 0.309 0 31
836 0.235 0 41
837 1.414 0 50
838 1.720 0 63
839 0.172 0 71
840 0.071 0 80
841 0.685 0 79
842 0.170 0 68
843 0.692 0 83
844 0.193 0 90
845 0.393 0 120
846 0.334 0 81
847 0.377 0 158
848 0.114 0 248
849 0.638 0 150
850 0.803 0 218
851 1.477 0 346
852 1.814 0 382
853 1.931 0 618
854 1.891 0 646
855 0.343 0 1175
856 1.957 0 1094
857 1.843 0 1625
858 1.962 0 1471
859 1.295 0 1504
860 1.198 0 3779
861 1.730 0 3999
862 1.554 0 5077
863 1.000 0 9
864 1.842 0 3
865 1.800 0 6
866 1.191 0 6
867 0.377 0 6
868 0.376 0 6
869 11.798 8656.896 12
