1 0.001 0 4
2 0.451 0 6
3 1.274 28726.272 8
4 17.449 104269.824 10
5 683.295 246088.704 12
31 0.705 0 19
32 1.539 0 37
33 0.469 0 55
34 0.664 0 38
35 1.545 0 59
36 0.895 0 84
37 0.285 0 32
38 0.243 0 61
39 1.382 0 79
40 1.463 0 52
41 0.907 0 123
42 0.884 45175.808 114
43 8.102 109704.192 189
44 0.823 0 99
45 17.776 141858.816 203
46 43.319 205684.736 302
47 805.148 583970.816 442
51 0.001 0 21
52 0.001 0 35
53 1.300 0 39
54 0.393 0 97
55 1.531 0 71
56 0.577 0 79
57 0.287 0 84
58 1.489 0 141
59 0.305 0 120
60 9.180 593491.968 181
61 1.516 0 153
62 3.802 239009.792 163
63 1.173 0 165
64 3.373 374989.824 187
65 0.820 80803.84 203
66 1.604 0 191
67 5.475 428410.88 220
68 8.484 905302.016 318
69 3.818 481846.272 314
70 1.080 0 237
71 10.905 1151119.36 317
72 124.207 4803926.016 467
73 21.703 1420706.816 629
81 10.764 810662.912 20
111 0.110 0 50
112 0.112 0 50
113 0.236 0 55
114 0.901 0 60
115 1.009 0 65
116 0.200 0 65
117 0.310 0 70
118 0.246 0 70
119 0.604 0 75
120 0.396 0 75
121 0.572 0 80
122 0.104 0 80
123 1.615 0 85
124 0.196 0 90
125 1.587 0 90
126 1.009 0 95
127 0.222 0 100
128 0.426 0 105
129 0.353 0 120
130 1.521 0 120
131 1.154 0 150
132 1.705 0 200
133 1.113 0 250
134 13.051 219428.864 350
135 5.252 344737.792 450
136 96.790 655098.88 550
137 30.165 1469670.4 750
138 178.460 2736591.872 1000
139 975.218 6673553.408 1500
141 0.001 0 15
142 0.413 0 31
143 0.237 0 44
144 0.975 0 51
145 0.760 0 71
146 3.593 239388.672 92
147 0.435 0 34
148 0.639 0 63
149 2.024 0 93
150 0.394 0 38
151 1.154 0 73
152 1.584 0 96
153 0.529 0 37
154 1.359 0 61
155 1.597 0 105
156 1.549 0 41
157 1.077 0 50
158 4.611 201516.032 109
159 0.454 0 57
160 1.765 88924.16 108
161 1.588 0 97
162 6.500 219657.216 139
163 78.078 2729313.28 277
164 286.388 5670201.344 383
171 0.001 0 11
172 0.000 0 10
173 0.115 0 25
174 1.589 0 25
175 0.355 0 24
176 0.571 0 24
177 1.121 0 26
178 1.052 0 37
179 0.166 0 38
180 1.057 0 39
181 1.485 0 35
182 0.533 0 40
183 0.234 0 52
184 0.628 0 53
185 1.157 0 50
186 1.596 0 49
187 0.425 0 48
188 0.719 0 65
189 1.087 0 64
190 0.241 0 60
191 0.445 0 64
192 0.377 0 62
193 1.656 0 78
194 0.988 0 76
195 1.605 0 80
196 1.134 0 78
197 0.421 0 78
198 0.269 31632.384 89
199 0.343 0 86
200 1.461 0 90
201 0.782 0 92
202 1.631 0 88
203 0.397 48157.696 104
204 0.633 0 104
205 1.630 0 108
206 1.557 0 108
207 1.469 0 107
208 0.797 0 110
209 1.825 0 117
210 0.752 0 116
211 1.675 0 114
212 1.616 0 118
213 1.610 0 136
214 1.559 0 137
215 1.605 0 126
216 0.687 0 128
217 1.021 0 132
218 1.602 0 150
219 1.011 0 136
220 1.500 0 151
221 1.548 0 147
222 1.485 0 145
223 1.596 0 159
224 0.963 0 165
225 1.853 0 154
226 1.348 0 158
227 0.993 112550.912 159
228 1.524 0 166
229 2.296 136754.176 181
230 3.392 137254.912 180
231 1.635 137740.288 170
232 0.997 135051.264 168
233 1.629 126466.048 187
234 1.609 0 181
235 5.235 171984.896 189
236 1.817 0 180
237 1.917 0 187
238 3.516 167233.536 202
239 4.768 179206.144 204
240 1.988 108427.264 198
241 3.265 174115.84 203
242 4.473 181165.056 203
243 2.730 181109.76 210
244 2.996 203853.824 217
245 2.522 0 210
246 2.492 154313.728 204
247 4.928 208679.936 215
248 2.534 273508.352 227
249 14.736 379473.92 229
250 2.921 228748.288 226
251 3.708 237341.696 228
252 2.961 281120.768 228
253 12.785 444602.368 241
254 5.596 408948.736 244
255 3.358 405533.696 240
256 10.839 413138.944 243
257 15.918 412904.448 241
258 32.815 452942.848 256
259 53.163 485106.688 258
260 48.971 484601.856 256
261 62.190 457157.632 260
262 14.957 484003.84 258
263 7.210 513082.368 266
264 100.173 512787.456 269
265 7.414 513853.44 262
266 105.618 498310.144 271
267 30.118 503899.136 273
268 67.717 601548.8 291
269 12.099 553580.544 287
270 26.987 558142.464 282
271 20.482 555110.4 288
272 155.690 574074.88 281
273 52.283 650994.688 300
274 6.881 557776.896 276
275 93.049 654593.024 300
276 32.251 603658.24 291
277 6.626 534995.968 283
278 154.264 699666.432 316
279 158.199 700607.488 315
280 8.755 637445.12 301
281 142.669 711366.656 313
282 134.353 699455.488 312
283 7.446 635162.624 313
284 7.277 594017.28 305
285 7.040 688418.816 315
286 186.381 741391.36 318
287 6.443 655008.768 320
288 32.478 714978.304 333
289 190.656 798355.456 341
290 165.070 762162.176 342
291 189.843 782215.168 333
292 300.765 764396.544 331
293 277.562 807322.624 351
294 302.585 812258.304 356
295 45.909 788125.696 345
296 340.514 840545.28 354
297 779.128 840381.44 353
298 381.338 882624.512 366
299 431.191 882332.672 370
300 337.937 877403.136 373
301 734.901 892264.448 357
302 38.474 815776.768 354
303 660.067 957048.832 374
304 454.368 942904.32 378
305 537.180 942786.56 369
306 664.169 962761.728 382
307 620.526 970828.8 383
308 485.731 984427.52 384
309 550.187 992794.624 391
310 514.429 1033719.808 393
311 608.674 1036603.392 390
312 618.499 1029876.736 394
313 1093.115 1108509.696 406
314 984.680 1109863.424 406
315 1348.770 1114494.976 407
316 1100.784 1099923.456 408
317 653.694 1092804.608 403
318 380.661 6712909.824 40
319 7.017 278348.8 25
320 626.442 6672003.072 49
321 37.427 745122.816 33
330 0.001 0 17
331 0.695 0 98
332 1.613 0 92
333 11.853 481984.512 248
350 64.710 1318010.88 111
351 79.524 1321792.512 104
352 84.765 1323724.8 104
353 20.754 665923.584 111
354 53.307 1322085.376 90
355 296.123 4500552.704 131
356 126.828 2266289.152 164
357 514.926 4522936.32 213
358 108.599 2266998.784 143
359 396.171 4422445.056 132
360 933.189 5234896.896 234
361 744.023 5211891.712 193
410 1.425 0 26
411 0.218 0 38
412 1.607 0 52
413 0.920 0 67
414 2.205 0 80
415 3.326 289017.856 92
416 4.856 580209.664 106
417 0.393 0 28
418 0.416 0 42
419 1.546 0 55
420 0.857 115745.792 73
421 2.635 198095.872 83
422 11.442 996174.848 104
423 16.113 2041982.976 112
424 1.528 0 30
425 1.725 0 45
426 0.697 0 60
427 3.283 0 74
428 4.325 729462.784 93
429 12.599 1604540.416 105
430 20.680 2214806.528 113
431 53.471 2935451.648 126
432 83.159 3763294.208 126
440 1.612 0 83
441 1.460 0 87
442 0.400 0 52
443 0.864 76364.8 132
444 0.971 0 76
445 0.422 0 28
446 1.368 0 108
447 1.532 0 56
448 1.127 0 119
449 1.482 0 102
450 3.173 197974.016 169
451 3.683 241354.752 189
452 2.828 282464.256 136
453 5.567 281811.968 218
454 3.474 327276.544 175
455 3.540 326725.632 133
456 6.318 409454.592 210
457 5.704 410949.632 212
458 4.687 409521.152 207
459 11.079 449965.056 288
460 7.276 490384.384 200
461 24.418 499186.688 296
462 22.146 461881.344 353
463 28.716 423258.112 288
464 60.452 571290.624 249
465 49.314 532024.32 334
466 38.454 576241.664 377
467 42.173 570639.36 343
468 89.179 728772.608 437
469 211.922 739390.464 434
470 156.160 834808.832 402
471 276.031 850793.472 428
472 153.070 883836.928 529
473 108.746 741911.552 343
474 213.144 1124803.584 449
475 118.923 1106035.712 443
476 328.251 1184227.328 487
477 313.556 1186019.328 490
478 388.757 1333516.288 539
479 392.887 1279133.696 504
480 684.578 1506800.64 528
481 1253.284 1628456.96 555
482 1461.588 1702479.872 592
483 1594.214 1699789.824 505
484 1740.515 1666676.736 690
520 1.717 251652.096 125
521 3.494 151968.768 119
522 4.382 242796.544 121
523 4.414 171277.312 133
524 7.045 183311.36 119
525 4.593 273572.864 129
526 9.565 224828.416 119
527 13.207 237693.952 123
528 12.203 280642.56 125
529 16.624 299732.992 119
530 20.898 392518.656 129
531 24.164 571683.84 123
532 48.161 650626.048 123
533 57.857 680599.552 117
534 76.644 741560.32 123
535 145.647 1332517.888 125
536 318.612 2070601.728 123
537 365.989 3039413.248 123
538 1799.426 4711306.24 129
539 1330.422 6002783.232 119
550 1.475 0 41
551 0.368 0 54
552 0.524 0 64
553 0.555 0 82
554 0.572 0 94
555 2.324 168967.168 106
556 2.843 294140.928 125
557 3.572 259483.648 142
558 4.645 697874.432 166
559 7.243 901301.248 176
560 14.510 1604290.56 190
561 19.020 2023558.144 212
562 31.293 2675793.92 243
563 54.285 4711908.352 262
564 123.841 6011420.672 286
565 177.050 7289427.968 320
579 3.790 226928.64 47
581 269.716 6613613.568 50
599 1.458 0 7
600 3.228 223551.488 30
601 1.139 0 11
602 0.512 0 3
603 1.759 0 18
604 1.479 0 12
605 5.776 326059.008 40
606 0.202 0 15
607 8.110 488662.016 53
608 12.504 715270.144 58
609 5.330 706347.008 53
610 7.782 704066.56 68
611 3.724 309743.616 36
612 6.201 413041.664 68
613 1.984 162934.784 29
614 3.358 235756.544 41
615 4.252 276813.824 40
616 4.906 395420.672 59
617 5.524 673824.768 36
618 9.982 631097.344 40
619 1.169 0 11
620 1.447 0 6
621 1.576 0 12
622 2.453 149356.544 13
623 1.254 0 16
624 1.614 0 18
625 5.337 468754.432 32
626 20.571 953488.384 56
627 17.941 974541.824 71
628 9.479 429855.744 42
629 11.764 679487.488 65
630 3.275 390772.736 34
631 4.569 498622.464 25
632 13.239 1230433.28 57
633 20.125 1184340.992 57
634 9.066 747092.992 45
635 12.647 666744.832 37
636 7.192 638004.224 53
637 3.884 407962.624 54
638 8.157 667034.624 61
639 4.499 548054.016 23
641 0.994 70368.256 20
663 21.026 1476349.952 24
685 282.485 3745658.88 55
713 0.052 0 0
714 0.144 0 6
715 0.001 0 7
716 0.001 0 7
717 1.577 0 11
718 0.511 0 15
719 0.375 0 15
720 0.241 0 9
721 1.417 0 21
722 1.810 18775.04 26
723 36.651 56393.728 37
733 0.001 0 18
734 0.001 0 24
735 0.069 0 21
736 0.226 0 46
737 1.651 0 87
738 1.265 0 66
739 1.146 0 96
740 1.578 0 119
741 1.645 0 144
742 4.493 226927.616 264
743 1.839 198748.16 209
744 4.427 232601.6 187
745 8.457 394701.824 341
746 7.621 372364.288 296
747 9.169 382390.272 299
748 3.155 186721.28 205
749 10.107 455403.52 235
750 36.793 724251.648 352
751 126.181 1644393.472 541
752 254.949 2557862.912 655
753 1105.109 4394029.056 688
754 978.739 3803822.08 666
755 1452.142 4111621.12 666
763 0.001 0 20
764 0.001 0 30
765 0.001 0 23
766 1.600 0 60
767 0.633 0 114
768 0.767 0 93
769 0.755 0 116
770 1.519 0 74
771 2.031 183461.888 260
772 3.525 0 247
773 18.401 532616.192 343
774 25.551 564819.968 384
775 339.376 1881542.656 498
776 1225.913 3117691.904 607
777 1557.359 5888080.896 714
780 402.495 2906400.768 836
783 0.205 0 4
784 0.253 0 4
785 0.444 0 4
786 0.315 0 2
787 1.205 0 14
788 1.574 0 11
789 1.519 0 16
790 1.402 0 14
791 1.415 0 8
792 0.538 0 19
793 1.573 0 15
794 1.433 0 10
795 1.405 83219.456 20
796 1.560 0 15
797 242.224 3747774.464 20
798 2.069 155346.944 20
799 0.839 81042.432 14
800 13.276 688776.192 15
801 1.434 0 13
802 7.871 271074.304 16
803 0.272 0 1
804 0.049 0 3
805 1.362 0 7
806 0.238 0 15
807 1.582 0 31
808 1.499 0 63
809 8.476 160424.96 127
810 43.056 628902.912 255
811 280.513 2494262.272 511
823 0.292 0 8
824 0.001 0 21
825 0.001 0 17
826 0.001 0 25
827 0.340 0 38
828 0.001 0 33
829 0.001 0 37
830 0.501 0 52
831 0.001 0 34
832 0.097 0 41
833 0.001 0 25
834 0.332 0 24
835 0.332 0 35
836 1.572 0 40
837 1.632 0 47
838 1.004 0 73
839 0.788 0 74
840 0.718 0 59
841 1.602 0 88
842 0.737 0 59
843 0.770 0 94
844 0.442 0 105
845 1.196 0 105
846 0.506 0 95
847 2.287 24130.56 140
848 7.604 161611.776 253
849 1.454 0 112
850 4.550 108308.48 238
851 43.487 201498.624 279
852 6.605 167444.48 214
853 15.483 210484.224 266
854 20.829 322543.616 370
855 289.456 672404.48 532
863 0.069 0 9
864 1.546 0 3
865 0.001 0 6
866 0.001 0 5
867 0.001 0 6
868 0.387 0 6
869 1.061 0 14
870 0.246 0 17
871 1.016 0 15
872 0.595 0 22
873 1.519 0 17
874 0.122 0 14
875 0.155 0 15
876 0.818 0 20
877 0.168 0 19
878 0.302 0 27
879 1.609 0 26
880 1.371 0 42
881 0.815 0 58
882 0.438 0 74
883 0.448 37197.824 89
884 1.769 0 100
885 0.821 0 117
886 1.147 0 128
887 1.266 99314.688 143
888 1.714 0 160
889 2.160 129689.6 169
890 2.522 144357.376 186
891 2.237 161200.128 205
892 3.281 174676.992 220 
