2.25041
2.3199
2.38711
2.42105
2.43035
2.43913
2.48355
2.50108
2.50311
2.50965
2.51472
2.51562
2.51809
2.52047
2.52226
2.52364
2.52475
2.52565
2.5264
2.52703
2.52758
2.52805
2.52846
2.52882
2.52914
2.52943
2.52969
2.52992
2.54188
2.55901
2.57237
2.58436
2.60219
2.60379
2.62787
2.62857
2.66158
2.66234
2.6644
2.67481
2.6762
2.67748
2.67978
2.68633
2.68669
2.69804
2.70863
2.72935
2.7305
2.74309
2.74564
2.77591
2.77938
2.78015
2.78203
2.78426
2.80022
2.80072
2.80619
2.81201
2.81653
2.82496
2.83611
2.84726
2.85098
2.8525
2.85302
2.85464
2.85538
2.85655
2.85666
2.85669
2.85715
2.8576
2.85812
2.86127
2.86299
2.86304
2.86368
2.86507
2.86549
2.86669
2.867
2.86913
2.8696
2.87178
2.87484
2.8751
2.87685
2.87848
2.88013
2.88026
2.88034
2.88067
2.89369
2.89377
2.89532
2.89685
2.89961
2.90357
2.90726
2.90726
2.90743
2.91761
2.91776
2.9198
2.92814
2.92858
2.93123
2.93218
2.93221
2.9414
2.94419
2.94491
2.95137
2.95143
2.95746
2.96054
2.97634
2.9846
2.98742
2.99189
3.02571
3.02865
3.04322
3.04467
3.05014
3.05107
3.06473
3.08295
3.0844
3.0855
3.08663
3.09344
3.09477
3.0977
3.106
3.11078
3.12079
3.12998
3.13829
3.14274
3.14283
3.14634
3.1466
3.14754
3.14986
3.15415
3.15893
3.16049
3.16178
3.16768
3.1759
3.1789
3.18764
3.19256
3.20911
3.21226
3.24418
3.25087
3.30933
3.3309
3.33403
3.36071
3.46148
3.46703
3.47115
3.47889
3.48525
3.48935
3.50523
3.5057
3.50684
3.51143
3.51187
3.51502
3.53647
3.54149
3.54734
3.5569
3.55879
3.56206
3.56492
3.57155
3.57417
3.57614
3.60391
3.60654
3.62371
3.6407
3.68346
3.71007
3.71203
3.74986
3.75683
3.78934
3.81428
3.87263
3.94229
3.95476
3.955
3.99062
3.99396
3.99533
4.00315
4.0095
4.06372
4.06836
4.10539
4.15495
4.17456
4.18931
4.2044
4.27097
4.30002
4.33014
4.37666
4.42966
4.4767
4.49235
4.791
