1 177
2 167
3 219
4 160
5 188
6 208
7 207
8 195
9 163
10 190
11 165
12 222
13 223
14 174
15 180
16 191
17 161
18 179
19 177
20 207
21 21
22 35
23 39
24 62
25 71
26 79
27 84
28 119
29 103
30 147
31 153
32 150
33 145
34 164
35 180
36 190
37 219
39 242
40 237
41 50
42 50
43 55
44 60
45 65
46 65
47 70
48 70
49 75
50 75
51 80
52 80
53 85
54 90
55 90
56 95
57 100
58 105
59 120
60 120
61 15
62 24
63 44
64 51
65 71
66 92
67 34
68 55
69 93
70 38
71 73
72 96
73 37
74 47
75 101
76 41
77 43
78 109
79 57
80 108
81 9
82 13
83 17
84 25
85 27
86 33
87 37
88 41
89 45
90 47
91 49
92 59
93 59
101 5
102 3
103 6
104 4
105 6
106 8
107 10
108 14
109 4
110 7
111 8
112 11
113 12
114 18
115 24
116 30
117 36
118 42
119 48
120 54
121 60
122 66
123 72
124 78
125 84
126 90
127 96
128 102
129 108
130 114
131 120
132 126
133 26
134 38
135 50
136 62
137 74
138 86
139 98
140 28
141 41
142 54
143 67
144 80
145 93
146 106
147 30
148 44
149 58
150 72
151 86
152 100
153 16
154 24
155 16
156 40
157 50
158 39
159 59
160 81
161 100
162 178
163 124
164 133
165 206
166 202
167 153
168 147
169 127
173 12
174 18
175 16
176 40
177 63
178 57
179 67
180 45
181 133
182 134
183 205
184 202
193 8
194 18
195 14
196 21
197 33
198 29
199 33
200 34
201 31
202 34
203 19
204 18
205 28
206 33
207 39
208 53
209 50
210 50
211 68
212 42
213 58
214 66
215 70
216 72
217 92
218 129
219 85
220 157
221 155
222 124
223 4
224 11
225 15
226 20
227 34
228 31
229 36
230 29
231 49
232 60
233 34
234 52
235 68
236 70
237 97
238 95
240 150
241 195
